.Random.seed <-
c(403L, 10L, 126536518L, -1580181087L, -2067257293L, -1377737310L, 
421945492L, 1048037143L, -517607155L, -1360242652L, 148076554L, 
1245080949L, 315874511L, 731516886L, 202870656L, -302586941L, 
-1569454751L, -1494369328L, -1314850002L, -1146312999L, 1712551147L, 
250164570L, -277797092L, -860241377L, 972497525L, 1494052620L, 
441336546L, -280832067L, 580513847L, -1076970786L, -774420968L, 
2043881851L, 424059161L, -611250776L, 1376055638L, -245411375L, 
-193719933L, -459378670L, -598105180L, 1307120487L, 861022397L, 
-59191244L, -1191828582L, 1637068773L, 1069775743L, -1413977338L, 
1316930704L, -585886413L, 874164945L, 464599168L, 1841193310L, 
1363465897L, -2000977573L, 896682858L, -1238195700L, 286859855L, 
930074373L, 605521852L, -190242158L, 1840826765L, 901476807L, 
-2127539538L, -1637582072L, -493442805L, 1508210665L, 1493307576L, 
-132868250L, -1540951039L, -649657709L, -1479187134L, -1724011788L, 
-1756752137L, -1132136723L, -177864316L, 1587285930L, -1429777131L, 
985194415L, 1416687542L, 1731106272L, 1437199651L, -1346059711L, 
170241328L, -2057197746L, -1485787719L, -1039364149L, 1497941114L, 
1205556604L, 417410495L, 1578109589L, 1099954348L, -1886322046L, 
1972013661L, -1702609577L, 1756790846L, 956961912L, 949878619L, 
1055607481L, 566970120L, -1579237962L, -1576983823L, -50551517L, 
-856588430L, 1771097540L, 1768035719L, 1389254493L, -1859110572L, 
1854520186L, 1919630021L, -488772577L, 376552358L, -1337541328L, 
1346699219L, 834694641L, -973300960L, 1159255486L, 1174957513L, 
831615355L, 173225802L, 1095559084L, 1995583151L, 1369386085L, 
30170140L, -884755854L, 1346520301L, -247800537L, 1680279886L, 
1701063080L, 979332523L, 722265801L, 1849392856L, 451339142L, 
2112845409L, -491622413L, 1435304546L, 6141140L, 1456543191L, 
606576589L, 418863972L, -699072694L, 769599157L, -361349617L, 
-1110216938L, 358234560L, -1053455997L, 55553953L, 365625232L, 
1983308910L, 613175833L, 160897707L, -1953210726L, 1259141724L, 
1891256159L, -1247831755L, -1601718068L, 264045090L, 1684774013L, 
1049347447L, -605263202L, 233564504L, 566005947L, 925126233L, 
-2133189144L, -693098474L, -509127791L, 387537987L, 314397522L, 
2029123556L, 1790363175L, -877035907L, 2030534516L, 1837716314L, 
-1565817435L, 330867135L, -1134441914L, -1597503280L, -1427823885L, 
-373804015L, -182934976L, -87706082L, -1472831255L, -1830919653L, 
-149044694L, 1312376140L, -624261361L, -885183931L, 576625660L, 
23749202L, 50216909L, -1933133433L, -2035471250L, -164867000L, 
100691531L, 624903081L, 368036600L, -198975962L, 955438913L, 
1475517651L, 152830082L, -1398292812L, -445007305L, -1771110099L, 
-224931260L, -1482109078L, 628030421L, 95092079L, -476714890L, 
1907737504L, -799837085L, -1612488447L, -1050301328L, 1899808782L, 
-1873872775L, 1367799819L, 838670650L, -306542532L, -1599578241L, 
403051733L, -74422036L, 1765122626L, 2084382109L, 1736720407L, 
-445778562L, 135285560L, 1362490395L, -976736903L, 1708964808L, 
-1406031882L, 1549691441L, -414188445L, 2017161484L, 2059994684L, 
-2079502094L, 720218864L, 445100868L, -749249960L, -584539590L, 
1626900208L, 1773489340L, -150622700L, 787022018L, -423010208L, 
1531202940L, 1158397136L, -1935741918L, 1457339048L, -1081327732L, 
114538940L, 292406322L, -2019154112L, -535299916L, 1003869000L, 
497478330L, -2055565552L, 1956600044L, 60355668L, 2093602578L, 
429339552L, -1672568884L, -1362318496L, 1906999490L, 640910888L, 
1857033644L, 1495396156L, -603947150L, 1078383408L, -117915100L, 
-61919176L, 2006453466L, 460259728L, -1065748740L, -1762586732L, 
565560130L, 370768384L, 1419174460L, 2023036496L, 1480110754L, 
-754271416L, 345111052L, -652677924L, -19680686L, -479483776L, 
-209945772L, -1835789848L, 1063267066L, -1804134576L, -425802708L, 
-527886988L, 2098953874L, 1081113184L, -410496372L, 841149280L, 
246641378L, -752600920L, -352915252L, 2064966140L, -2059632718L, 
1870870000L, -1007587900L, 1829394264L, -610763910L, 2127281584L, 
35832252L, 815251540L, 933589954L, -1551252704L, 530446268L, 
-358534576L, -864719390L, -1711607448L, -686592692L, 1515700476L, 
-1004322062L, -1364439296L, 168033908L, -2083405816L, 525963706L, 
-1199116336L, -1846867476L, -1992325228L, -1037749550L, -2013913504L, 
698434892L, -65608416L, 39176834L, -376874520L, -1338441748L, 
1913792060L, -610662798L, 859122544L, 1996540196L, -1105599944L, 
1721686426L, 45218256L, 1972807100L, -2145240940L, -823765886L, 
-1548302912L, -1897411780L, -652579696L, 1772460834L, 855012872L, 
297436428L, -876251748L, 636489234L, -676340864L, 2101130004L, 
-1056722648L, 634766394L, -1897722928L, -528467348L, -925797836L, 
-999949678L, -993770144L, 2141681996L, -919566368L, 1711109538L, 
-1201031768L, 92968588L, -2077033028L, -1150054798L, -692874256L, 
1577758276L, -579850152L, 1200994362L, -933797776L, -1064814532L, 
-122347244L, -810884414L, 20702944L, 1707366524L, 1136391888L, 
1883601314L, -833828824L, 1717357324L, -984282692L, 1562268466L, 
1725520576L, 294464564L, -2114908472L, -557820742L, 1597626000L, 
670916332L, -529667500L, 1970115218L, 1395972384L, 449561036L, 
-137354528L, 513765570L, 1919462440L, -1584343124L, 1787615932L, 
1560308722L, -570198480L, 109051812L, -1512460872L, -650893478L, 
-1043230576L, 615160700L, 290717972L, 2041952578L, 1255645440L, 
-1470222916L, 1449386320L, -1412138718L, 1372093000L, -692858868L, 
1965979228L, -756201006L, 1139357184L, 692090196L, 1884720360L, 
-1645649670L, -505633072L, 427223852L, -794431244L, -2088494702L, 
1698028896L, -1937667060L, -1233290016L, 735625826L, -31308632L, 
-1634976692L, -1640245380L, 51001650L, -1048645008L, -184061116L, 
39523288L, -1841224838L, 2023327792L, -427233348L, -715300268L, 
1802670146L, 345697952L, 1203831484L, 53660624L, -1531626142L, 
1532042984L, 340671692L, 1098617340L, 1198382578L, -1715362688L, 
-1250366988L, 1841797768L, 1425165114L, 182857040L, 1018276972L, 
-661641836L, 520372306L, 1118698976L, 944248012L, -609911136L, 
-477466238L, -502515480L, -839599380L, -281393860L, -73150350L, 
-228661426L, 87190940L, 1902751501L, 185411959L, -915329664L, 
-1331000354L, 1128957099L, 1353867181L, -1561644006L, -685532456L, 
-739044543L, -564370445L, -1504072172L, 1258317730L, 1619253431L, 
148898433L, 1837990534L, 1595593412L, -2074258443L, -844486049L, 
1282366648L, 729233814L, -2014379101L, -2083457179L, -1702719870L, 
445860848L, -1022972519L, 1677779851L, 487116412L, -188742486L, 
-666749217L, 743197801L, -664541570L, 1630015084L, 1151513277L, 
985051015L, 1146116976L, -1868043762L, -850278597L, 723475485L, 
87643338L, -1217949720L, -231056175L, 1827485891L, -765587516L, 
913837170L, -1721522873L, -1296049903L, -1693578090L, -756899340L, 
2103038853L, -754124081L, 2118985672L, -583987610L, -284499821L, 
-356966411L, 1971599826L, -1422204384L, -569140215L, 147038523L, 
1258661004L, 1427140890L, -1737742449L, -551831335L, 2066667374L, 
1160564476L, 5532781L, 724121623L, 1982923232L, 486846L, 2028671883L, 
161432589L, -2107775942L, 1009149048L, -1116770271L, -892740909L, 
-1525917196L, -1939635582L, 1221173015L, -1423616543L, 1927375654L, 
1553384996L, 568885461L, -419536769L, -692898536L, -311989194L, 
-1659620669L, -747610363L, 616092322L, -603815792L, 957370425L, 
-426483477L, -1971416612L, -822855670L, -112376065L, -1086449847L, 
660171998L, 920679052L, 462976605L, 1768692839L, -161730160L, 
-175173202L, -1706834853L, 297096253L, -1994433878L, -381573304L, 
1143982961L, -202224413L, 487908324L, -215813358L, -27361561L, 
1538361521L, -33723658L, -1672680172L, -762400219L, -675840209L, 
-1661746968L, -520085050L, -554151821L, -1848411435L, 419711154L, 
-264004480L, 789643369L, -2085880613L, -1139871700L, -168169414L, 
-592392465L, -602242695L, -1572680178L, -1332301860L, 1885333581L, 
-335909961L, -920881856L, -1732103138L, -1063783701L, -539223443L, 
1937885914L, -1926409576L, 1255993601L, 603354803L, -1550900780L, 
1078005986L, -1165940361L, -331958079L, -68860858L, -2070606972L, 
-1392476875L, 182446879L, -1027187080L, -1438203050L, 586566115L, 
